143.533 39.700 18.202 0.000 0.000
143.483 39.900 19.711 0.000 0.000
143.433 39.700 19.538 0.000 0.000
143.617 40.100 18.777 0.000 0.000
143.650 40.000 17.893 0.000 0.000
143.717 39.800 16.260 0.000 0.000
143.783 40.200 16.956 0.000 0.000
143.583 39.900 18.358 0.000 0.000
143.617 39.800 17.515 0.000 0.000
143.683 40.200 18.311 0.000 0.000
143.750 40.000 16.602 0.000 0.000
143.717 40.500 19.367 0.000 0.000
143.767 40.700 19.822 0.000 0.000
143.733 40.400 18.569 0.000 0.000
143.667 40.300 19.034 0.000 0.000
143.733 39.700 15.705 0.000 0.000
143.867 40.300 16.240 0.000 0.000
143.900 39.900 14.476 0.000 0.000
143.817 40.100 16.130 0.000 0.000
143.783 40.600 18.919 0.000 0.000
143.850 40.800 19.129 0.000 0.000
143.850 40.900 19.857 0.000 0.000
143.883 40.600 17.390 0.000 0.000
143.867 39.700 14.237 0.000 0.000
143.783 39.900 15.812 0.000 0.000
143.950 40.100 14.512 0.000 0.000
143.967 40.300 14.919 0.000 0.000
143.933 41.000 19.185 0.000 0.000
143.917 40.500 16.399 0.000 0.000
144.033 41.000 17.514 0.000 0.000
143.950 40.800 17.510 0.000 0.000
143.967 40.700 16.673 0.000 0.000
144.017 40.500 14.996 0.000 0.000
144.000 41.200 19.630 0.000 0.000
143.833 40.400 17.130 0.000 0.000
144.100 39.800 12.083 0.000 0.000
144.000 40.000 13.648 0.000 0.000
144.017 40.200 14.017 0.000 0.000
144.117 40.367 13.293 0.000 0.000
144.117 40.233 12.927 0.000 0.000
144.133 40.000 12.226 0.000 0.000
144.083 40.600 14.507 0.000 0.000
143.967 39.800 13.456 0.000 0.000
144.150 39.700 11.370 0.000 0.000
144.217 40.100 11.605 0.000 0.000
144.167 39.900 11.681 0.000 0.000
144.200 40.467 12.598 0.000 0.000
144.250 40.300 11.644 0.000 0.000
144.300 40.433 11.434 0.000 0.000
144.317 40.333 11.057 0.000 0.000
144.317 40.500 11.435 0.000 0.000
144.200 40.200 11.958 0.000 0.000
144.183 40.400 12.617 0.000 0.000
144.167 40.567 13.325 0.000 0.000
144.150 40.800 14.536 0.000 0.000
144.067 40.700 15.193 0.000 0.000
144.267 40.667 12.497 0.000 0.000
144.367 40.633 11.285 0.000 0.000
144.233 40.600 12.646 0.000 0.000
144.283 40.733 12.556 0.000 0.000
144.117 41.100 16.856 0.000 0.000
144.217 41.100 15.297 0.000 0.000
144.333 41.000 13.198 0.000 0.000
144.250 40.800 13.231 0.000 0.000
144.350 40.900 12.504 0.000 0.000
144.233 41.000 14.460 0.000 0.000
144.150 40.900 15.071 0.000 0.000
144.417 40.767 11.265 0.000 0.000
144.050 40.900 16.565 0.000 0.000
144.450 40.700 10.718 0.000 0.000
144.433 40.900 11.593 0.000 0.000
144.583 40.900 10.268 0.000 0.000
144.467 40.833 11.027 0.000 0.000
141.783 39.900 57.476 0.000 0.000
144.550 40.967 10.834 0.000 0.000
144.383 40.533 10.866 0.000 0.000
144.100 41.200 17.858 0.000 0.000
144.033 40.400 14.406 0.000 0.000
141.817 39.800 55.792 0.000 0.000
141.950 40.000 53.218 0.000 0.000
141.917 39.800 52.817 0.000 0.000
141.883 40.200 56.556 0.000 0.000
141.983 40.200 53.684 0.000 0.000
141.850 40.000 56.148 0.000 0.000
141.867 40.300 57.761 0.000 0.000
141.933 39.700 51.662 0.000 0.000
142.117 39.800 47.185 0.000 0.000
142.033 39.700 48.828 0.000 0.000
142.233 39.700 43.397 0.000 0.000
142.333 39.700 40.849 0.000 0.000
142.217 39.800 44.483 0.000 0.000
142.017 40.100 52.026 0.000 0.000
142.117 40.100 49.232 0.000 0.000
142.250 40.000 44.963 0.000 0.000
142.283 39.900 43.408 0.000 0.000
142.183 40.200 48.156 0.000 0.000
142.150 40.000 47.626 0.000 0.000
142.083 39.900 48.773 0.000 0.000
142.283 40.200 45.542 0.000 0.000
142.383 39.900 40.890 0.000 0.000
141.983 39.900 51.571 0.000 0.000
142.067 40.300 52.087 0.000 0.000
141.917 40.500 57.823 0.000 0.000
141.983 40.600 56.753 0.000 0.000
141.933 40.400 56.576 0.000 0.000
142.033 40.400 53.773 0.000 0.000
142.083 40.600 54.024 0.000 0.000
142.050 40.800 56.713 0.000 0.000
141.967 40.700 58.069 0.000 0.000
142.117 41.100 58.104 0.000 0.000
142.050 40.900 57.688 0.000 0.000
142.133 41.000 56.533 0.000 0.000
143.517 40.100 20.202 0.000 0.000
142.150 40.800 54.059 0.000 0.000
142.117 40.500 52.290 0.000 0.000
142.217 40.500 49.622 0.000 0.000
142.233 40.400 48.370 0.000 0.000
142.283 40.600 48.757 0.000 0.000
142.383 40.600 46.258 0.000 0.000
142.333 40.400 45.812 0.000 0.000
142.267 40.700 50.086 0.000 0.000
142.200 41.200 57.232 0.000 0.000
142.200 41.300 58.587 0.000 0.000
142.300 41.200 54.752 0.000 0.000
142.350 40.900 49.991 0.000 0.000
142.317 41.100 53.078 0.000 0.000
142.233 41.000 53.986 0.000 0.000
142.250 40.900 52.487 0.000 0.000
142.317 41.400 57.227 0.000 0.000
142.350 40.800 48.964 0.000 0.000
142.167 40.700 52.685 0.000 0.000
142.167 40.300 49.353 0.000 0.000
142.317 40.100 43.956 0.000 0.000
142.450 40.000 39.920 0.000 0.000
142.517 39.800 37.008 0.000 0.000
142.550 40.000 37.542 0.000 0.000
142.583 40.200 38.197 0.000 0.000
142.417 40.100 41.430 0.000 0.000
142.417 40.500 44.564 0.000 0.000
142.467 40.300 41.702 0.000 0.000
142.533 40.400 40.906 0.000 0.000
142.517 40.500 42.137 0.000 0.000
142.483 40.200 40.538 0.000 0.000
142.467 40.700 45.148 0.000 0.000
142.533 39.700 36.007 0.000 0.000
142.417 39.800 39.417 0.000 0.000
142.617 40.100 36.711 0.000 0.000
142.683 39.900 33.890 0.000 0.000
142.717 39.800 32.556 0.000 0.000
142.817 39.800 30.463 0.000 0.000
142.633 39.700 33.770 0.000 0.000
142.750 40.000 33.091 0.000 0.000
142.633 40.400 38.604 0.000 0.000
142.667 40.300 37.059 0.000 0.000
142.817 40.500 35.400 0.000 0.000
142.767 40.300 34.853 0.000 0.000
142.783 40.200 33.754 0.000 0.000
142.717 40.500 37.574 0.000 0.000
142.717 40.100 34.474 0.000 0.000
142.583 40.600 41.455 0.000 0.000
142.850 40.000 31.018 0.000 0.000
142.583 39.900 36.104 0.000 0.000
142.683 40.600 39.194 0.000 0.000
142.417 41.100 50.646 0.000 0.000
142.433 41.000 49.059 0.000 0.000
142.600 41.200 47.680 0.000 0.000
142.533 41.000 46.711 0.000 0.000
142.450 40.800 46.525 0.000 0.000
142.500 41.200 49.976 0.000 0.000
142.500 41.700 58.369 0.000 0.000
142.333 41.500 58.465 0.000 0.000
142.533 41.500 53.794 0.000 0.000
142.500 41.300 51.375 0.000 0.000
142.617 41.400 50.254 0.000 0.000
142.467 41.600 57.142 0.000 0.000
142.417 41.400 54.839 0.000 0.000
141.817 40.100 57.827 0.000 0.000
142.550 40.900 45.204 0.000 0.000
142.400 41.300 53.719 0.000 0.000
142.617 41.100 46.001 0.000 0.000
142.650 40.900 42.915 0.000 0.000
142.733 41.000 42.179 0.000 0.000
142.833 41.000 40.029 0.000 0.000
142.750 40.800 39.641 0.000 0.000
142.717 41.100 43.758 0.000 0.000
142.650 41.800 57.198 0.000 0.000
142.567 41.600 54.859 0.000 0.000
142.700 41.700 53.916 0.000 0.000
142.700 41.300 46.856 0.000 0.000
142.767 41.600 50.465 0.000 0.000
142.633 41.500 51.553 0.000 0.000
142.717 41.400 48.032 0.000 0.000
142.800 41.200 43.263 0.000 0.000
142.650 40.800 41.862 0.000 0.000
142.567 40.700 42.773 0.000 0.000
142.767 40.700 38.291 0.000 0.000
142.367 40.300 44.181 0.000 0.000
142.833 40.400 34.224 0.000 0.000
142.883 39.900 29.724 0.000 0.000
142.983 39.900 27.826 0.000 0.000
143.017 40.100 28.413 0.000 0.000
142.883 40.200 31.702 0.000 0.000
142.917 40.100 30.350 0.000 0.000
142.933 39.700 27.654 0.000 0.000
142.967 40.300 30.769 0.000 0.000
143.233 39.700 22.501 0.000 0.000
143.050 40.000 27.184 0.000 0.000
143.117 39.800 24.882 0.000 0.000
143.150 40.000 25.418 0.000 0.000
143.183 39.900 24.288 0.000 0.000
143.283 39.900 22.690 0.000 0.000
143.083 40.200 27.841 0.000 0.000
143.133 39.700 24.099 0.000 0.000
143.017 39.800 26.654 0.000 0.000
143.217 40.100 24.881 0.000 0.000
142.833 39.700 29.566 0.000 0.000
143.350 40.000 22.169 0.000 0.000
143.317 39.800 21.686 0.000 0.000
143.450 40.000 20.672 0.000 0.000
143.417 39.800 20.204 0.000 0.000
143.317 40.100 23.229 0.000 0.000
143.383 40.200 22.752 0.000 0.000
143.183 40.200 26.074 0.000 0.000
143.483 40.200 21.222 0.000 0.000
142.867 40.700 36.147 0.000 0.000
142.983 40.600 32.861 0.000 0.000
143.017 40.500 31.353 0.000 0.000
143.117 40.500 29.434 0.000 0.000
142.933 40.400 32.192 0.000 0.000
143.050 40.800 33.416 0.000 0.000
142.917 41.100 39.488 0.000 0.000
142.950 40.900 36.465 0.000 0.000
143.033 41.000 35.890 0.000 0.000
143.017 41.100 37.429 0.000 0.000
142.950 40.800 35.418 0.000 0.000
142.900 41.200 41.143 0.000 0.000
143.067 40.700 32.131 0.000 0.000
142.883 40.600 34.877 0.000 0.000
143.183 40.600 29.027 0.000 0.000
143.233 40.400 26.573 0.000 0.000
143.350 40.800 27.784 0.000 0.000
143.283 40.600 27.233 0.000 0.000
143.267 40.300 25.302 0.000 0.000
143.167 40.700 30.215 0.000 0.000
143.133 41.000 33.926 0.000 0.000
143.150 40.900 32.499 0.000 0.000
143.317 41.100 31.577 0.000 0.000
143.250 40.900 30.605 0.000 0.000
143.300 41.300 34.512 0.000 0.000
143.217 41.100 33.494 0.000 0.000
143.250 40.800 29.606 0.000 0.000
143.100 41.200 37.061 0.000 0.000
143.317 40.500 25.865 0.000 0.000
143.133 40.400 28.349 0.000 0.000
143.067 40.300 28.844 0.000 0.000
143.200 41.200 35.091 0.000 0.000
142.917 41.400 43.764 0.000 0.000
142.800 41.300 44.682 0.000 0.000
142.933 41.500 45.100 0.000 0.000
143.017 41.400 41.692 0.000 0.000
142.867 41.600 48.328 0.000 0.000
142.800 41.700 51.762 0.000 0.000
143.067 41.600 44.183 0.000 0.000
142.833 41.500 47.195 0.000 0.000
143.217 41.400 37.660 0.000 0.000
143.000 41.300 40.492 0.000 0.000
143.233 41.500 38.985 0.000 0.000
143.317 41.400 35.674 0.000 0.000
143.133 41.500 40.994 0.000 0.000
143.100 41.300 38.469 0.000 0.000
143.333 41.000 30.115 0.000 0.000
142.850 40.900 38.544 0.000 0.000
143.417 40.500 24.162 0.000 0.000
143.433 40.400 23.200 0.000 0.000
143.483 40.600 23.784 0.000 0.000
143.583 40.600 22.134 0.000 0.000
143.533 40.400 21.617 0.000 0.000
143.467 40.700 24.853 0.000 0.000
143.400 41.300 32.555 0.000 0.000
143.433 41.000 28.264 0.000 0.000
143.500 41.200 29.294 0.000 0.000
143.450 40.900 26.933 0.000 0.000
143.517 41.400 31.634 0.000 0.000
143.550 40.800 24.244 0.000 0.000
143.400 41.200 31.217 0.000 0.000
143.667 40.700 21.474 0.000 0.000
143.567 40.300 20.519 0.000 0.000
143.650 40.800 22.515 0.000 0.000
143.517 41.100 27.804 0.000 0.000
143.617 41.100 25.922 0.000 0.000
143.700 41.300 26.565 0.000 0.000
143.733 41.000 22.769 0.000 0.000
143.700 41.200 25.395 0.000 0.000
143.633 41.000 24.589 0.000 0.000
143.550 40.900 25.140 0.000 0.000
143.600 41.300 28.582 0.000 0.000
143.617 40.500 20.930 0.000 0.000
143.617 41.400 29.584 0.000 0.000
143.750 40.900 21.590 0.000 0.000
143.367 40.700 26.599 0.000 0.000
143.367 40.300 23.631 0.000 0.000
143.817 41.100 22.151 0.000 0.000
143.800 41.200 23.444 0.000 0.000
143.917 41.100 20.300 0.000 0.000
142.750 41.800 55.027 0.000 0.000
143.167 41.600 42.148 0.000 0.000
141.733 39.700 57.642 0.000 0.000
143.283 38.700 18.284 0.000 0.000
143.383 39.100 18.086 0.000 0.000
143.333 38.900 18.166 0.000 0.000
143.467 38.800 16.193 0.000 0.000
143.367 38.800 17.459 0.000 0.000
143.417 39.000 17.361 0.000 0.000
143.483 38.700 15.751 0.000 0.000
143.600 38.600 14.190 0.000 0.000
143.700 38.600 13.105 0.000 0.000
143.517 39.000 16.100 0.000 0.000
143.533 38.900 15.640 0.000 0.000
143.633 38.900 14.487 0.000 0.000
143.667 38.800 13.884 0.000 0.000
143.767 38.800 12.801 0.000 0.000
143.583 39.100 15.573 0.000 0.000
143.583 38.700 14.595 0.000 0.000
143.683 39.100 14.428 0.000 0.000
143.467 39.200 17.311 0.000 0.000
143.383 39.500 19.434 0.000 0.000
143.483 39.500 18.100 0.000 0.000
143.433 39.300 18.061 0.000 0.000
143.517 39.400 17.321 0.000 0.000
143.617 39.400 16.076 0.000 0.000
143.633 39.300 15.564 0.000 0.000
143.683 39.500 15.613 0.000 0.000
143.733 39.300 14.429 0.000 0.000
143.783 39.500 14.486 0.000 0.000
143.667 39.600 16.150 0.000 0.000
143.567 39.600 17.392 0.000 0.000
143.567 39.200 16.058 0.000 0.000
143.717 39.000 13.802 0.000 0.000
143.800 38.667 12.201 0.000 0.000
143.850 38.867 12.095 0.000 0.000
143.817 38.733 12.161 0.000 0.000
143.850 38.600 11.571 0.000 0.000
143.817 39.000 12.726 0.000 0.000
143.933 38.600 10.811 0.000 0.000
144.000 38.700 10.377 0.000 0.000
143.983 39.033 11.183 0.000 0.000
143.867 38.933 12.073 0.000 0.000
144.033 39.233 11.210 0.000 0.000
143.983 38.967 11.034 0.000 0.000
144.017 39.167 11.197 0.000 0.000
143.900 39.133 12.206 0.000 0.000
143.950 38.833 11.067 0.000 0.000
143.883 39.067 12.205 0.000 0.000
142.167 38.800 39.735 0.000 0.000
143.933 38.767 11.097 0.000 0.000
143.867 39.200 12.715 0.000 0.000
143.900 39.600 13.555 0.000 0.000
143.817 39.400 13.814 0.000 0.000
143.917 39.400 12.764 0.000 0.000
143.983 39.467 12.295 0.000 0.000
143.950 39.333 12.245 0.000 0.000
144.067 39.433 11.422 0.000 0.000
144.050 39.367 11.395 0.000 0.000
144.000 39.533 12.324 0.000 0.000
143.933 39.267 12.224 0.000 0.000
144.033 38.900 10.443 0.000 0.000
143.767 39.200 13.778 0.000 0.000
144.000 39.600 12.507 0.000 0.000
144.100 39.633 11.662 0.000 0.000
144.100 39.300 10.785 0.000 0.000
141.717 39.000 53.183 0.000 0.000
144.067 39.100 10.595 0.000 0.000
144.133 39.500 11.004 0.000 0.000
144.100 39.567 11.479 0.000 0.000
141.733 38.900 51.960 0.000 0.000
141.917 39.000 47.505 0.000 0.000
141.833 38.900 49.133 0.000 0.000
142.067 39.200 44.697 0.000 0.000
142.017 39.000 44.778 0.000 0.000
141.883 39.100 49.106 0.000 0.000
141.817 39.400 53.059 0.000 0.000
141.933 39.300 49.027 0.000 0.000
141.967 39.200 47.440 0.000 0.000
141.883 39.500 51.779 0.000 0.000
141.833 39.300 51.887 0.000 0.000
141.767 39.200 53.151 0.000 0.000
142.017 39.400 47.344 0.000 0.000
142.033 38.900 43.706 0.000 0.000
141.783 39.100 51.957 0.000 0.000
143.333 39.300 19.402 0.000 0.000
142.733 38.900 27.810 0.000 0.000
142.467 38.800 32.804 0.000 0.000
142.567 38.800 30.676 0.000 0.000
142.217 39.000 39.653 0.000 0.000
142.133 38.900 41.152 0.000 0.000
142.367 39.200 37.099 0.000 0.000
142.317 39.000 37.209 0.000 0.000
142.333 38.900 36.285 0.000 0.000
142.183 39.100 41.065 0.000 0.000
142.117 39.400 44.601 0.000 0.000
142.133 39.300 43.541 0.000 0.000
142.317 39.400 39.457 0.000 0.000
142.233 39.300 40.965 0.000 0.000
142.417 39.400 37.010 0.000 0.000
142.183 39.500 43.451 0.000 0.000
142.267 39.200 39.550 0.000 0.000
141.983 39.500 48.924 0.000 0.000
142.383 39.100 36.171 0.000 0.000
142.083 39.100 43.636 0.000 0.000
142.483 39.100 33.902 0.000 0.000
142.517 39.000 32.679 0.000 0.000
142.683 39.100 29.632 0.000 0.000
142.617 39.000 30.543 0.000 0.000
142.633 38.900 29.759 0.000 0.000
142.567 39.200 32.564 0.000 0.000
142.617 39.400 32.488 0.000 0.000
142.533 39.300 33.801 0.000 0.000
142.717 39.400 30.362 0.000 0.000
142.733 39.300 29.541 0.000 0.000
142.783 39.100 27.686 0.000 0.000
142.767 39.600 30.366 0.000 0.000
142.667 39.200 30.430 0.000 0.000
142.483 39.500 36.004 0.000 0.000
142.833 39.300 27.603 0.000 0.000
142.433 39.300 36.068 0.000 0.000
142.433 38.900 34.023 0.000 0.000
142.283 39.500 40.883 0.000 0.000
142.767 38.800 26.782 0.000 0.000
142.583 39.500 33.748 0.000 0.000
141.867 39.600 52.937 0.000 0.000
142.067 39.600 47.248 0.000 0.000
142.167 39.600 44.519 0.000 0.000
142.367 39.600 39.403 0.000 0.000
142.667 39.600 32.477 0.000 0.000
142.467 39.600 36.970 0.000 0.000
142.783 39.500 29.511 0.000 0.000
142.867 38.800 24.965 0.000 0.000
142.883 38.700 24.318 0.000 0.000
142.933 38.900 24.179 0.000 0.000
142.983 38.700 22.680 0.000 0.000
143.033 38.900 22.545 0.000 0.000
142.917 39.000 24.834 0.000 0.000
142.817 39.000 26.648 0.000 0.000
143.067 38.800 21.693 0.000 0.000
143.167 38.800 20.178 0.000 0.000
143.233 38.900 19.523 0.000 0.000
143.183 38.700 19.646 0.000 0.000
143.217 39.000 20.067 0.000 0.000
143.117 39.000 21.574 0.000 0.000
142.917 39.400 26.498 0.000 0.000
142.967 39.200 24.739 0.000 0.000
142.967 39.600 26.529 0.000 0.000
143.017 39.400 24.704 0.000 0.000
142.983 39.100 24.066 0.000 0.000
142.883 39.500 27.585 0.000 0.000
143.033 39.300 24.003 0.000 0.000
142.867 39.200 26.545 0.000 0.000
143.067 39.600 24.746 0.000 0.000
143.183 39.500 22.403 0.000 0.000
143.133 39.300 22.387 0.000 0.000
143.267 39.200 20.001 0.000 0.000
143.167 39.200 21.499 0.000 0.000
143.217 39.400 21.483 0.000 0.000
143.083 39.500 24.008 0.000 0.000
143.083 39.100 22.440 0.000 0.000
143.317 39.400 19.996 0.000 0.000
143.367 39.600 20.062 0.000 0.000
143.267 39.600 21.543 0.000 0.000
143.283 39.100 19.436 0.000 0.000
142.950 37.300 18.095 0.000 0.000
143.150 37.200 15.411 0.000 0.000
143.050 37.200 16.487 0.000 0.000
142.850 37.400 19.832 0.000 0.000
143.150 37.400 16.178 0.000 0.000
142.950 37.400 18.540 0.000 0.000
143.050 37.300 16.913 0.000 0.000
143.050 37.500 17.718 0.000 0.000
143.350 37.200 13.444 0.000 0.000
143.150 37.100 15.006 0.000 0.000
143.450 37.100 12.238 0.000 0.000
143.450 37.200 12.539 0.000 0.000
143.350 37.500 14.375 0.000 0.000
143.250 37.400 15.097 0.000 0.000
143.550 37.400 12.191 0.000 0.000
143.550 37.300 11.941 0.000 0.000
143.650 37.500 11.533 0.000 0.000
143.450 37.400 13.111 0.000 0.000
143.350 37.300 13.766 0.000 0.000
143.450 37.500 13.379 0.000 0.000
143.250 37.300 14.756 0.000 0.000
143.150 37.500 16.537 0.000 0.000
143.133 37.700 17.412 0.000 0.000
142.950 37.600 19.382 0.000 0.000
143.050 37.600 18.095 0.000 0.000
142.933 37.700 20.011 0.000 0.000
143.100 38.000 18.794 0.000 0.000
143.017 37.800 19.255 0.000 0.000
143.200 37.900 17.220 0.000 0.000
143.117 37.800 17.943 0.000 0.000
143.233 37.700 16.239 0.000 0.000
143.433 37.700 14.056 0.000 0.000
143.250 37.600 15.741 0.000 0.000
143.750 37.800 11.217 0.000 0.000
143.550 37.600 12.667 0.000 0.000
143.650 37.600 11.741 0.000 0.000
143.533 37.700 13.059 0.000 0.000
143.400 38.000 15.141 0.000 0.000
143.300 37.900 16.028 0.000 0.000
143.617 37.900 12.663 0.000 0.000
143.633 37.800 12.307 0.000 0.000
143.683 38.100 12.373 0.000 0.000
143.500 37.900 13.835 0.000 0.000
143.417 37.800 14.476 0.000 0.000
143.200 38.000 17.504 0.000 0.000
143.750 37.700 11.043 0.000 0.000
143.317 37.800 15.579 0.000 0.000
143.350 37.600 14.661 0.000 0.000
143.500 38.000 14.051 0.000 0.000
143.150 38.300 18.995 0.000 0.000
143.167 38.200 18.499 0.000 0.000
143.267 38.200 17.200 0.000 0.000
143.233 38.400 18.144 0.000 0.000
143.217 38.500 18.631 0.000 0.000
143.333 38.400 16.878 0.000 0.000
143.083 38.100 19.329 0.000 0.000
143.300 38.600 17.797 0.000 0.000
143.417 38.500 16.097 0.000 0.000
143.450 38.300 15.250 0.000 0.000
143.517 38.500 14.913 0.000 0.000
143.467 38.200 14.849 0.000 0.000
143.283 38.100 16.740 0.000 0.000
143.400 38.600 16.530 0.000 0.000
143.350 38.300 16.429 0.000 0.000
143.633 38.400 13.433 0.000 0.000
143.650 38.300 13.067 0.000 0.000
143.750 38.300 12.055 0.000 0.000
143.567 38.200 13.748 0.000 0.000
143.717 38.500 12.746 0.000 0.000
143.533 38.400 14.514 0.000 0.000
143.583 38.100 13.377 0.000 0.000
143.383 38.100 15.568 0.000 0.000
143.717 38.000 11.875 0.000 0.000
143.817 38.000 10.942 0.000 0.000
143.833 37.900 10.641 0.000 0.000
143.900 38.400 10.796 0.000 0.000
143.867 38.200 10.795 0.000 0.000
143.817 38.400 11.564 0.000 0.000
143.800 38.500 11.888 0.000 0.000
143.883 38.100 10.503 0.000 0.000
143.767 38.200 11.732 0.000 0.000
143.967 38.500 10.360 0.000 0.000
143.933 38.300 10.351 0.000 0.000
141.433 37.700 49.678 0.000 0.000
141.733 37.700 42.307 0.000 0.000
141.500 37.900 49.931 0.000 0.000
141.517 37.800 48.539 0.000 0.000
141.700 38.000 45.718 0.000 0.000
141.617 37.800 46.008 0.000 0.000
141.700 37.900 44.854 0.000 0.000
141.600 38.000 48.264 0.000 0.000
141.633 37.700 44.670 0.000 0.000
141.583 38.100 49.613 0.000 0.000
142.150 37.500 31.802 0.000 0.000
142.650 37.300 22.080 0.000 0.000
142.250 37.400 29.209 0.000 0.000
142.550 37.400 24.167 0.000 0.000
142.650 37.400 22.643 0.000 0.000
142.450 37.500 26.395 0.000 0.000
142.550 37.500 24.751 0.000 0.000
142.650 37.600 23.710 0.000 0.000
142.250 37.500 29.920 0.000 0.000
141.933 37.700 37.778 0.000 0.000
141.850 37.600 38.780 0.000 0.000
142.117 37.800 34.635 0.000 0.000
142.033 37.700 35.651 0.000 0.000
142.050 37.600 34.538 0.000 0.000
141.917 37.800 38.938 0.000 0.000
141.900 38.000 40.870 0.000 0.000
141.800 37.900 42.437 0.000 0.000
142.083 38.100 37.377 0.000 0.000
142.000 38.000 38.567 0.000 0.000
142.000 37.900 37.844 0.000 0.000
142.200 38.000 34.206 0.000 0.000
142.100 37.900 35.667 0.000 0.000
141.783 38.100 44.465 0.000 0.000
142.217 37.800 32.582 0.000 0.000
141.817 37.800 41.228 0.000 0.000
142.300 37.900 31.558 0.000 0.000
142.333 37.700 29.707 0.000 0.000
142.533 37.700 26.134 0.000 0.000
142.350 37.600 28.764 0.000 0.000
142.450 37.600 26.998 0.000 0.000
142.417 37.800 28.762 0.000 0.000
142.383 38.100 31.037 0.000 0.000
142.300 38.000 32.149 0.000 0.000
142.600 37.900 26.017 0.000 0.000
142.517 37.800 26.955 0.000 0.000
142.633 37.700 24.490 0.000 0.000
142.500 38.000 28.290 0.000 0.000
142.400 37.900 29.626 0.000 0.000
142.600 38.000 26.489 0.000 0.000
142.700 37.900 24.339 0.000 0.000
142.233 37.700 31.596 0.000 0.000
142.150 37.600 32.534 0.000 0.000
142.183 38.100 35.193 0.000 0.000
141.750 37.600 41.019 0.000 0.000
142.850 37.500 20.297 0.000 0.000
142.750 37.300 20.675 0.000 0.000
142.833 37.700 21.409 0.000 0.000
142.750 37.600 22.186 0.000 0.000
142.900 37.900 21.244 0.000 0.000
142.817 37.800 22.076 0.000 0.000
143.000 37.900 19.821 0.000 0.000
142.800 38.000 23.151 0.000 0.000
142.717 37.800 23.633 0.000 0.000
142.900 38.000 21.612 0.000 0.000
142.750 37.500 21.703 0.000 0.000
141.883 38.100 42.034 0.000 0.000
141.650 38.300 49.562 0.000 0.000
141.850 38.300 44.346 0.000 0.000
141.667 38.200 48.286 0.000 0.000
142.033 38.400 40.513 0.000 0.000
141.950 38.300 41.863 0.000 0.000
141.967 38.200 40.770 0.000 0.000
141.833 38.400 45.526 0.000 0.000
141.800 38.600 47.881 0.000 0.000
141.717 38.500 49.377 0.000 0.000
141.983 38.700 43.724 0.000 0.000
141.900 38.600 45.220 0.000 0.000
141.917 38.500 44.103 0.000 0.000
142.083 38.700 41.198 0.000 0.000
142.017 38.500 41.573 0.000 0.000
142.133 38.400 38.156 0.000 0.000
141.733 38.400 48.140 0.000 0.000
141.767 38.200 45.683 0.000 0.000
141.783 38.700 49.084 0.000 0.000
141.867 38.800 47.514 0.000 0.000
141.967 38.800 44.814 0.000 0.000
142.100 38.600 40.164 0.000 0.000
142.217 38.500 36.821 0.000 0.000
142.250 38.300 34.925 0.000 0.000
142.333 38.400 33.665 0.000 0.000
142.267 38.200 34.005 0.000 0.000
142.367 38.200 31.906 0.000 0.000
142.433 38.400 31.577 0.000 0.000
142.283 38.700 36.379 0.000 0.000
142.200 38.600 37.769 0.000 0.000
142.400 38.600 33.261 0.000 0.000
142.383 38.700 34.134 0.000 0.000
142.317 38.500 34.557 0.000 0.000
142.450 38.300 30.740 0.000 0.000
142.167 38.800 39.735 0.000 0.000
142.550 38.300 28.782 0.000 0.000
142.517 38.500 30.357 0.000 0.000
142.633 38.400 27.639 0.000 0.000
142.667 38.200 26.192 0.000 0.000
142.683 38.100 25.479 0.000 0.000
142.733 38.400 25.836 0.000 0.000
142.583 38.700 29.893 0.000 0.000
142.500 38.600 31.148 0.000 0.000
142.683 38.700 27.949 0.000 0.000
142.700 38.600 27.223 0.000 0.000
142.800 38.600 25.410 0.000 0.000
142.617 38.500 28.376 0.000 0.000
142.750 38.300 25.149 0.000 0.000
142.567 38.200 28.022 0.000 0.000
142.067 38.200 38.416 0.000 0.000
142.150 38.300 37.153 0.000 0.000
142.483 38.100 29.110 0.000 0.000
142.850 38.300 23.472 0.000 0.000
142.867 38.200 22.855 0.000 0.000
142.933 38.400 22.473 0.000 0.000
143.033 38.400 20.955 0.000 0.000
142.967 38.200 21.300 0.000 0.000
142.917 38.500 23.073 0.000 0.000
143.000 38.600 22.085 0.000 0.000
143.117 38.500 20.037 0.000 0.000
142.983 38.100 20.725 0.000 0.000
143.100 38.600 20.566 0.000 0.000
143.050 38.300 20.400 0.000 0.000
142.817 38.500 24.760 0.000 0.000
142.783 38.100 23.819 0.000 0.000
142.267 38.800 37.310 0.000 0.000
142.350 36.500 20.210 0.000 0.000
142.550 36.500 17.761 0.000 0.000
142.867 36.467 14.317 0.000 0.000
142.683 36.400 15.485 0.000 0.000
142.933 36.500 13.912 0.000 0.000
142.650 36.500 16.652 0.000 0.000
142.817 36.400 14.233 0.000 0.000
142.450 36.600 19.860 0.000 0.000
142.833 36.567 15.289 0.000 0.000
142.650 36.700 18.213 0.000 0.000
142.450 36.700 20.715 0.000 0.000
142.550 36.600 18.620 0.000 0.000
142.550 36.800 20.187 0.000 0.000
142.650 37.000 20.258 0.000 0.000
142.550 36.900 20.913 0.000 0.000
142.750 36.900 18.374 0.000 0.000
142.650 36.800 18.926 0.000 0.000
142.750 36.700 17.074 0.000 0.000
142.950 36.700 15.014 0.000 0.000
142.750 36.600 16.372 0.000 0.000
143.200 36.700 12.798 0.000 0.000
143.067 36.633 13.594 0.000 0.000
143.017 36.533 13.412 0.000 0.000
143.033 36.700 14.224 0.000 0.000
142.950 37.000 16.646 0.000 0.000
142.850 36.900 17.213 0.000 0.000
143.133 36.800 13.833 0.000 0.000
143.233 36.800 12.975 0.000 0.000
143.350 36.900 12.402 0.000 0.000
143.050 36.900 15.104 0.000 0.000
142.950 36.800 15.582 0.000 0.000
143.150 36.900 14.146 0.000 0.000
142.850 36.800 16.627 0.000 0.000
142.900 36.600 14.884 0.000 0.000
142.750 37.000 18.981 0.000 0.000
142.250 36.500 21.558 0.000 0.000
142.750 37.200 20.131 0.000 0.000
142.850 37.200 18.843 0.000 0.000
142.850 37.100 18.321 0.000 0.000
142.950 37.100 17.147 0.000 0.000
141.850 36.600 29.034 0.000 0.000
143.250 37.000 13.646 0.000 0.000
143.350 37.000 12.761 0.000 0.000
143.050 37.000 15.582 0.000 0.000
141.050 36.900 50.187 0.000 0.000
141.050 37.100 52.727 0.000 0.000
140.950 37.000 54.112 0.000 0.000
141.050 37.200 53.988 0.000 0.000
141.150 37.100 50.129 0.000 0.000
141.250 37.000 46.420 0.000 0.000
141.250 36.900 45.211 0.000 0.000
141.150 37.300 52.562 0.000 0.000
141.250 37.200 48.798 0.000 0.000
141.150 37.000 48.897 0.000 0.000
141.350 37.100 45.184 0.000 0.000
141.350 36.900 42.851 0.000 0.000
141.450 36.800 39.405 0.000 0.000
141.450 37.000 41.713 0.000 0.000
141.350 36.800 41.653 0.000 0.000
141.550 36.900 38.372 0.000 0.000
141.550 37.000 39.483 0.000 0.000
141.650 36.900 36.259 0.000 0.000
141.750 36.800 33.157 0.000 0.000
141.750 37.100 36.277 0.000 0.000
141.650 36.800 35.153 0.000 0.000
141.650 37.100 38.383 0.000 0.000
141.750 36.700 32.043 0.000 0.000
141.450 37.100 42.837 0.000 0.000
141.350 37.400 48.577 0.000 0.000
141.250 37.300 49.970 0.000 0.000
141.450 37.400 46.108 0.000 0.000
141.450 37.300 45.033 0.000 0.000
141.350 37.200 46.330 0.000 0.000
141.350 37.500 49.680 0.000 0.000
141.450 37.600 48.210 0.000 0.000
141.250 37.500 52.277 0.000 0.000
141.650 37.500 42.383 0.000 0.000
141.550 37.300 42.688 0.000 0.000
141.650 37.400 41.412 0.000 0.000
141.550 37.200 41.638 0.000 0.000
141.550 37.600 45.733 0.000 0.000
141.750 37.300 38.234 0.000 0.000
141.550 37.500 44.735 0.000 0.000
141.650 37.200 39.413 0.000 0.000
141.750 37.000 35.264 0.000 0.000
141.850 36.700 30.168 0.000 0.000
141.950 36.900 30.410 0.000 0.000
141.950 36.800 29.416 0.000 0.000
141.950 36.600 27.286 0.000 0.000
141.850 37.000 33.277 0.000 0.000
141.850 36.900 32.276 0.000 0.000
142.050 36.800 27.673 0.000 0.000
142.150 36.700 25.064 0.000 0.000
142.150 36.600 24.060 0.000 0.000
142.150 36.900 26.922 0.000 0.000
142.050 36.700 26.678 0.000 0.000
142.050 37.000 29.544 0.000 0.000
142.250 36.600 22.577 0.000 0.000
142.350 36.800 22.941 0.000 0.000
142.350 36.700 22.084 0.000 0.000
142.350 37.000 24.547 0.000 0.000
142.250 36.900 25.301 0.000 0.000
142.450 36.900 22.297 0.000 0.000
142.450 37.000 23.040 0.000 0.000
142.250 36.800 24.437 0.000 0.000
142.150 37.000 27.798 0.000 0.000
141.850 37.300 36.126 0.000 0.000
141.950 37.200 33.211 0.000 0.000
142.150 37.300 30.270 0.000 0.000
141.950 37.100 32.302 0.000 0.000
142.050 37.100 30.435 0.000 0.000
142.050 37.300 32.144 0.000 0.000
141.850 37.500 37.916 0.000 0.000
141.750 37.400 39.183 0.000 0.000
141.950 37.400 34.959 0.000 0.000
142.050 37.400 32.964 0.000 0.000
141.950 37.500 35.800 0.000 0.000
142.150 37.200 29.470 0.000 0.000
141.850 37.200 35.199 0.000 0.000
142.450 37.200 24.450 0.000 0.000
142.250 37.200 27.718 0.000 0.000
142.550 37.100 22.283 0.000 0.000
142.650 37.100 20.887 0.000 0.000
142.550 37.200 22.933 0.000 0.000
143.250 37.100 14.029 0.000 0.000
142.350 37.300 26.759 0.000 0.000
142.450 37.300 25.120 0.000 0.000
142.250 37.100 26.938 0.000 0.000
142.350 37.100 25.308 0.000 0.000
141.150 37.400 53.766 0.000 0.000
142.350 37.400 27.449 0.000 0.000
140.950 36.900 52.804 0.000 0.000
141.733 35.033 13.121 0.000 0.000
141.583 35.300 16.257 0.000 0.000
141.650 35.200 14.680 0.000 0.000
141.483 35.500 19.787 0.000 0.000
141.633 35.400 16.310 0.000 0.000
141.733 35.400 14.851 0.000 0.000
141.033 36.000 37.896 0.000 0.000
141.233 36.000 33.062 0.000 0.000
141.117 35.900 34.194 0.000 0.000
141.317 35.900 29.443 0.000 0.000
141.150 36.100 36.672 0.000 0.000
141.317 35.700 26.105 0.000 0.000
141.517 35.700 21.860 0.000 0.000
141.650 35.600 18.080 0.000 0.000
141.700 35.800 19.941 0.000 0.000
141.450 35.600 21.752 0.000 0.000
141.617 35.700 19.933 0.000 0.000
141.450 36.100 29.736 0.000 0.000
141.333 36.000 30.725 0.000 0.000
141.617 35.900 23.033 0.000 0.000
141.500 35.800 23.716 0.000 0.000
141.717 35.900 21.185 0.000 0.000
141.533 36.000 26.314 0.000 0.000
141.417 35.900 27.147 0.000 0.000
141.633 36.000 24.351 0.000 0.000
141.750 35.600 16.525 0.000 0.000
141.400 35.800 25.867 0.000 0.000
141.583 35.500 18.043 0.000 0.000
141.250 36.100 34.287 0.000 0.000
141.750 35.200 13.483 0.000 0.000
140.950 36.100 41.560 0.000 0.000
140.650 36.300 52.477 0.000 0.000
140.550 36.400 56.857 0.000 0.000
140.650 36.600 56.973 0.000 0.000
140.550 36.500 58.391 0.000 0.000
140.750 36.600 54.163 0.000 0.000
140.750 36.500 52.744 0.000 0.000
140.650 36.400 54.020 0.000 0.000
140.650 36.700 58.399 0.000 0.000
140.750 36.300 49.779 0.000 0.000
140.950 36.300 44.622 0.000 0.000
140.750 36.200 48.226 0.000 0.000
141.250 36.400 38.786 0.000 0.000
141.050 36.200 40.650 0.000 0.000
141.150 36.200 38.225 0.000 0.000
141.050 36.300 42.137 0.000 0.000
140.950 36.600 48.831 0.000 0.000
140.850 36.500 50.060 0.000 0.000
141.150 36.500 42.514 0.000 0.000
141.150 36.400 41.142 0.000 0.000
141.250 36.700 42.743 0.000 0.000
141.050 36.500 44.952 0.000 0.000
140.950 36.400 46.065 0.000 0.000
140.850 36.700 52.818 0.000 0.000
141.250 36.300 37.355 0.000 0.000
140.850 36.400 48.637 0.000 0.000
140.850 36.200 45.641 0.000 0.000
141.050 36.600 46.295 0.000 0.000
140.750 36.900 58.316 0.000 0.000
140.750 36.800 56.940 0.000 0.000
140.950 36.900 52.804 0.000 0.000
140.850 36.800 54.169 0.000 0.000
140.950 36.700 50.169 0.000 0.000
141.050 36.800 48.904 0.000 0.000
141.150 36.800 46.405 0.000 0.000
141.150 36.700 45.134 0.000 0.000
141.250 36.600 41.466 0.000 0.000
141.450 36.400 34.305 0.000 0.000
141.350 36.300 35.069 0.000 0.000
141.550 36.400 32.207 0.000 0.000
141.550 36.300 30.756 0.000 0.000
141.350 36.200 33.553 0.000 0.000
141.450 36.500 35.674 0.000 0.000
141.450 36.700 38.205 0.000 0.000
141.350 36.600 39.176 0.000 0.000
141.550 36.600 34.843 0.000 0.000
141.650 36.500 31.549 0.000 0.000
141.650 36.300 28.770 0.000 0.000
141.750 36.500 29.641 0.000 0.000
141.750 36.400 28.313 0.000 0.000
141.750 36.200 25.392 0.000 0.000
141.650 36.600 32.817 0.000 0.000
141.550 36.700 36.066 0.000 0.000
141.650 36.200 27.237 0.000 0.000
141.450 36.200 31.338 0.000 0.000
141.350 36.500 37.868 0.000 0.000
141.550 36.100 27.621 0.000 0.000
141.750 36.100 23.813 0.000 0.000
141.900 35.100 11.623 0.000 0.000
141.817 35.100 12.436 0.000 0.000
141.933 35.200 11.605 0.000 0.000
142.033 35.200 10.764 0.000 0.000
141.967 35.033 10.908 0.000 0.000
141.883 35.300 12.535 0.000 0.000
141.817 35.700 16.771 0.000 0.000
141.883 35.500 13.822 0.000 0.000
141.950 35.600 13.966 0.000 0.000
141.917 35.700 15.418 0.000 0.000
141.933 35.400 12.579 0.000 0.000
141.800 35.800 18.335 0.000 0.000
142.033 35.400 11.582 0.000 0.000
141.783 35.300 13.601 0.000 0.000
142.083 35.467 11.517 0.000 0.000
142.083 35.300 10.698 0.000 0.000
142.167 35.333 10.195 0.000 0.000
142.167 35.433 10.630 0.000 0.000
142.050 35.600 12.910 0.000 0.000
142.100 35.533 11.831 0.000 0.000
142.200 35.700 12.427 0.000 0.000
142.250 35.633 11.382 0.000 0.000
142.217 35.867 14.144 0.000 0.000
142.117 35.700 13.236 0.000 0.000
142.217 35.567 11.111 0.000 0.000
142.000 35.800 15.651 0.000 0.000
142.250 35.500 10.421 0.000 0.000
142.050 35.100 10.389 0.000 0.000
142.100 35.800 14.524 0.000 0.000
141.850 36.300 25.151 0.000 0.000
141.850 36.100 22.144 0.000 0.000
141.950 36.300 23.529 0.000 0.000
141.950 36.200 22.101 0.000 0.000
141.933 36.000 19.367 0.000 0.000
141.850 36.400 26.539 0.000 0.000
141.850 36.600 29.034 0.000 0.000
141.950 36.500 26.120 0.000 0.000
142.133 36.000 16.755 0.000 0.000
141.917 35.900 18.112 0.000 0.000
142.150 36.300 20.606 0.000 0.000
142.150 36.100 17.940 0.000 0.000
142.233 36.000 15.644 0.000 0.000
142.050 36.200 20.646 0.000 0.000
142.050 36.400 23.306 0.000 0.000
142.050 36.500 24.508 0.000 0.000
142.150 36.400 21.839 0.000 0.000
142.250 36.200 18.047 0.000 0.000
142.050 36.100 19.221 0.000 0.000
142.017 35.900 16.781 0.000 0.000
142.267 35.800 12.872 0.000 0.000
141.833 36.000 20.835 0.000 0.000
142.267 35.933 14.466 0.000 0.000
142.350 35.800 12.162 0.000 0.000
142.450 36.100 14.654 0.000 0.000
142.417 35.967 13.426 0.000 0.000
142.350 36.100 15.664 0.000 0.000
142.250 36.300 19.289 0.000 0.000
142.450 36.300 16.915 0.000 0.000
142.350 36.400 19.173 0.000 0.000
142.350 36.200 16.883 0.000 0.000
142.450 35.900 12.394 0.000 0.000
142.350 35.700 11.194 0.000 0.000
142.517 36.233 15.464 0.000 0.000
142.633 36.100 13.008 0.000 0.000
142.833 36.300 13.244 0.000 0.000
142.700 36.200 13.453 0.000 0.000
142.600 36.000 12.208 0.000 0.000
142.617 36.267 14.849 0.000 0.000
142.450 36.400 17.964 0.000 0.000
142.483 36.033 13.594 0.000 0.000
141.783 35.500 15.028 0.000 0.000
141.767 34.850 12.794 0.000 0.000
141.867 34.650 11.629 0.000 0.000
141.883 34.550 11.371 0.000 0.000
141.933 34.750 11.251 0.000 0.000
141.883 34.850 11.807 0.000 0.000
140.850 36.100 44.066 0.000 0.000
140.933 36.000 40.359 0.000 0.000
141.017 35.900 36.644 0.000 0.000
141.350 35.600 23.846 0.000 0.000
141.683 34.933 13.632 0.000 0.000
141.767 34.983 12.812 0.000 0.000
141.900 34.933 12.645 0.000 0.000
141.983 34.950 10.821 0.000 0.000
131.750 31.650 31.227 0.000 0.000
131.550 31.650 39.023 0.000 0.000
132.133 31.350 18.045 0.000 0.000
131.950 31.450 22.853 0.000 0.000
132.050 31.450 20.620 0.000 0.000
132.150 31.550 19.532 0.000 0.000
131.850 31.550 26.558 0.000 0.000
132.417 31.250 12.650 0.000 0.000
132.517 31.250 11.428 0.000 0.000
132.250 31.450 16.752 0.000 0.000
132.350 31.450 15.133 0.000 0.000
132.450 31.550 14.562 0.000 0.000
132.333 31.350 14.561 0.000 0.000
132.433 31.350 13.189 0.000 0.000
132.550 31.550 13.312 0.000 0.000
132.550 31.450 12.511 0.000 0.000
131.950 31.550 23.961 0.000 0.000
132.633 31.350 10.924 0.000 0.000
132.250 31.550 17.658 0.000 0.000
131.583 31.850 43.333 0.000 0.000
131.467 31.750 46.262 0.000 0.000
131.767 31.750 32.609 0.000 0.000
131.667 31.750 36.658 0.000 0.000
131.700 32.050 43.452 0.000 0.000
131.600 31.950 45.711 0.000 0.000
131.683 31.850 38.559 0.000 0.000
131.800 31.950 35.989 0.000 0.000
131.883 31.850 30.539 0.000 0.000
132.067 31.750 23.619 0.000 0.000
132.050 31.650 22.767 0.000 0.000
132.200 31.950 23.282 0.000 0.000
131.983 31.850 27.414 0.000 0.000
132.000 32.050 30.542 0.000 0.000
131.900 31.950 32.018 0.000 0.000
132.100 31.950 25.747 0.000 0.000
132.100 32.050 27.397 0.000 0.000
132.183 31.850 22.275 0.000 0.000
131.967 31.750 26.292 0.000 0.000
131.850 31.650 28.036 0.000 0.000
131.800 32.050 38.504 0.000 0.000
131.800 32.250 43.865 0.000 0.000
131.700 32.150 46.418 0.000 0.000
131.900 32.150 36.551 0.000 0.000
131.900 32.250 38.947 0.000 0.000
131.900 32.550 46.759 0.000 0.000
131.800 32.350 46.586 0.000 0.000
131.900 32.450 44.056 0.000 0.000
132.000 32.350 36.997 0.000 0.000
132.100 32.350 33.158 0.000 0.000
132.200 32.250 28.057 0.000 0.000
132.200 32.550 34.165 0.000 0.000
132.000 32.450 39.385 0.000 0.000
132.000 32.650 44.686 0.000 0.000
132.017 32.750 46.843 0.000 0.000
132.133 32.850 44.828 0.000 0.000
132.100 32.650 40.366 0.000 0.000
132.100 32.550 37.768 0.000 0.000
132.217 32.750 38.785 0.000 0.000
132.200 32.450 31.942 0.000 0.000
132.100 32.250 31.117 0.000 0.000
132.000 32.150 32.560 0.000 0.000
132.200 32.150 26.354 0.000 0.000
131.483 31.850 48.640 0.000 0.000
132.283 31.850 20.301 0.000 0.000
132.367 31.750 17.698 0.000 0.000
132.400 32.050 20.624 0.000 0.000
132.300 32.050 22.528 0.000 0.000
132.400 32.350 24.865 0.000 0.000
132.300 32.150 23.952 0.000 0.000
132.400 32.250 23.341 0.000 0.000
132.300 32.450 29.023 0.000 0.000
132.400 31.950 19.403 0.000 0.000
132.300 32.350 27.178 0.000 0.000
132.583 31.850 15.702 0.000 0.000
132.350 31.650 16.945 0.000 0.000
132.567 31.750 14.923 0.000 0.000
132.500 31.950 17.853 0.000 0.000
132.500 32.250 21.509 0.000 0.000
132.600 32.150 18.737 0.000 0.000
132.600 32.450 22.716 0.000 0.000
132.500 32.150 20.216 0.000 0.000
132.600 32.050 17.595 0.000 0.000
132.483 31.850 17.000 0.000 0.000
132.450 31.650 15.469 0.000 0.000
132.500 32.450 24.476 0.000 0.000
132.317 32.750 35.402 0.000 0.000
132.400 32.650 30.588 0.000 0.000
132.233 32.850 41.089 0.000 0.000
132.167 32.950 46.669 0.000 0.000
132.300 32.650 33.380 0.000 0.000
132.400 32.550 28.454 0.000 0.000
132.500 32.550 26.220 0.000 0.000
132.600 32.350 21.273 0.000 0.000
132.267 31.750 19.448 0.000 0.000
132.150 31.650 20.571 0.000 0.000
132.650 31.450 11.468 0.000 0.000
132.717 31.250 9.600 0.000 0.000
132.733 31.350 10.067 0.000 0.000
132.750 31.550 11.274 0.000 0.000
132.800 31.150 8.460 0.000 0.000
133.000 31.250 7.777 0.000 0.000
132.883 31.150 7.945 0.000 0.000
132.950 31.450 9.084 0.000 0.000
132.817 31.250 8.854 0.000 0.000
132.933 31.350 8.629 0.000 0.000
132.850 31.450 9.776 0.000 0.000
132.950 31.650 10.405 0.000 0.000
132.850 31.550 10.439 0.000 0.000
132.800 31.950 14.278 0.000 0.000
132.667 31.750 13.751 0.000 0.000
132.783 31.850 13.482 0.000 0.000
132.700 32.050 16.364 0.000 0.000
132.700 32.350 19.873 0.000 0.000
132.800 32.250 17.481 0.000 0.000
132.700 32.250 18.629 0.000 0.000
132.800 32.150 16.358 0.000 0.000
132.700 31.950 15.325 0.000 0.000
132.883 31.850 12.585 0.000 0.000
132.967 31.750 11.048 0.000 0.000
133.000 32.050 13.497 0.000 0.000
132.900 32.050 14.342 0.000 0.000
132.900 32.150 15.383 0.000 0.000
133.000 31.950 12.535 0.000 0.000
132.867 31.750 11.859 0.000 0.000
132.750 31.650 12.052 0.000 0.000
133.050 31.150 7.129 0.000 0.000
133.033 31.350 8.067 0.000 0.000
133.100 31.250 7.296 0.000 0.000
133.267 31.450 7.462 0.000 0.000
133.150 31.450 7.963 0.000 0.000
133.167 31.750 9.738 0.000 0.000
133.050 31.650 9.725 0.000 0.000
133.150 31.550 8.508 0.000 0.000
133.250 31.650 8.607 0.000 0.000
133.250 31.350 7.085 0.000 0.000
133.050 31.550 9.067 0.000 0.000
133.333 31.617 8.040 0.000 0.000
133.267 31.750 9.179 0.000 0.000
133.350 31.517 7.440 0.000 0.000
133.183 31.850 10.411 0.000 0.000
133.100 31.950 11.802 0.000 0.000
133.083 31.850 11.040 0.000 0.000
132.650 31.650 13.046 0.000 0.000
132.367 32.950 39.607 0.000 0.000
132.317 33.150 47.616 0.000 0.000
132.283 33.050 45.509 0.000 0.000
132.433 32.850 34.674 0.000 0.000
132.517 32.750 30.066 0.000 0.000
132.583 33.050 36.364 0.000 0.000
132.467 32.950 36.575 0.000 0.000
132.550 33.250 43.504 0.000 0.000
132.383 33.050 42.187 0.000 0.000
132.650 33.450 46.961 0.000 0.000
132.500 33.350 48.134 0.000 0.000
132.517 33.150 41.297 0.000 0.000
132.450 33.250 46.501 0.000 0.000
132.600 32.650 26.144 0.000 0.000
132.533 32.850 32.130 0.000 0.000
132.800 32.450 19.949 0.000 0.000
133.000 32.350 16.702 0.000 0.000
133.000 32.250 15.581 0.000 0.000
132.900 32.350 17.626 0.000 0.000
132.900 32.450 18.851 0.000 0.000
132.700 32.550 22.717 0.000 0.000
133.517 31.617 7.326 0.000 0.000
133.600 31.683 7.362 0.000 0.000
133.400 31.650 7.950 0.000 0.000
133.383 31.850 9.287 0.000 0.000
133.467 31.750 8.239 0.000 0.000
133.567 31.750 7.825 0.000 0.000
133.500 31.550 7.068 0.000 0.000
133.200 32.050 12.039 0.000 0.000
133.300 32.050 11.393 0.000 0.000
133.200 32.150 13.002 0.000 0.000
133.200 32.350 15.051 0.000 0.000
133.100 32.250 14.771 0.000 0.000
133.300 32.350 14.284 0.000 0.000
133.100 32.450 16.971 0.000 0.000
133.300 32.250 13.280 0.000 0.000
133.100 32.150 13.727 0.000 0.000
133.500 32.050 10.187 0.000 0.000
133.300 31.950 10.527 0.000 0.000
133.400 31.950 9.962 0.000 0.000
133.600 32.050 9.618 0.000 0.000
133.500 32.350 12.790 0.000 0.000
133.400 32.250 12.574 0.000 0.000
133.600 32.350 12.062 0.000 0.000
133.600 32.250 11.205 0.000 0.000
133.500 32.150 11.010 0.000 0.000
133.400 32.450 14.511 0.000 0.000
133.600 31.950 8.910 0.000 0.000
133.400 32.150 11.651 0.000 0.000
133.483 31.850 8.805 0.000 0.000
133.500 32.450 13.723 0.000 0.000
133.600 32.550 13.878 0.000 0.000
133.200 32.450 16.130 0.000 0.000
132.700 32.650 24.401 0.000 0.000
132.800 32.550 21.351 0.000 0.000
132.817 32.750 24.403 0.000 0.000
132.833 32.850 26.085 0.000 0.000
132.767 32.950 29.491 0.000 0.000
132.733 32.850 27.794 0.000 0.000
132.883 33.050 29.697 0.000 0.000
132.683 33.050 33.950 0.000 0.000
132.900 32.650 21.597 0.000 0.000
132.617 32.750 27.855 0.000 0.000
133.133 32.850 21.844 0.000 0.000
133.000 32.650 20.449 0.000 0.000
133.000 32.550 19.105 0.000 0.000
133.117 32.750 20.557 0.000 0.000
133.067 32.950 24.444 0.000 0.000
133.033 32.850 23.104 0.000 0.000
133.117 33.150 27.919 0.000 0.000
132.967 32.950 25.987 0.000 0.000
133.183 33.050 24.658 0.000 0.000
132.917 32.750 22.965 0.000 0.000
133.100 32.550 18.149 0.000 0.000
132.983 33.050 27.902 0.000 0.000
132.750 33.250 38.237 0.000 0.000
132.617 33.150 38.507 0.000 0.000
132.850 33.250 35.905 0.000 0.000
132.800 33.350 40.099 0.000 0.000
132.900 33.583 44.860 0.000 0.000
132.750 33.450 44.400 0.000 0.000
132.917 33.517 42.481 0.000 0.000
132.717 33.550 48.268 0.000 0.000
132.950 33.450 39.673 0.000 0.000
132.700 33.350 42.576 0.000 0.000
133.100 33.350 33.463 0.000 0.000
132.817 33.150 33.760 0.000 0.000
133.050 33.250 31.682 0.000 0.000
133.050 33.450 37.464 0.000 0.000
132.967 33.750 48.416 0.000 0.000
133.150 33.783 45.348 0.000 0.000
132.983 33.683 46.021 0.000 0.000
133.200 33.583 38.243 0.000 0.000
133.000 33.617 43.627 0.000 0.000
133.167 33.717 42.953 0.000 0.000
133.217 33.517 35.865 0.000 0.000
133.000 33.350 35.558 0.000 0.000
132.917 33.150 31.633 0.000 0.000
133.200 32.650 18.406 0.000 0.000
132.667 32.950 31.617 0.000 0.000
133.367 32.950 20.531 0.000 0.000
133.217 32.750 19.469 0.000 0.000
133.300 32.650 17.463 0.000 0.000
133.333 32.850 19.528 0.000 0.000
133.350 33.250 26.253 0.000 0.000
133.217 33.150 26.217 0.000 0.000
133.283 33.050 23.234 0.000 0.000
133.417 33.150 23.217 0.000 0.000
133.417 32.750 17.485 0.000 0.000
133.150 33.250 29.764 0.000 0.000
133.517 32.750 16.546 0.000 0.000
133.600 32.650 14.825 0.000 0.000
133.567 32.950 18.388 0.000 0.000
133.433 32.850 18.486 0.000 0.000
133.517 33.150 21.866 0.000 0.000
133.583 33.050 19.554 0.000 0.000
133.600 33.350 24.512 0.000 0.000
133.483 33.050 20.654 0.000 0.000
133.650 33.250 21.949 0.000 0.000
133.500 32.650 15.672 0.000 0.000
133.300 32.550 16.366 0.000 0.000
133.450 33.250 24.677 0.000 0.000
133.300 33.617 37.032 0.000 0.000
133.350 33.450 31.199 0.000 0.000
133.450 33.783 38.679 0.000 0.000
133.250 33.817 44.152 0.000 0.000
133.250 33.883 46.295 0.000 0.000
133.450 33.883 41.786 0.000 0.000
133.450 33.983 45.147 0.000 0.000
133.250 33.950 48.596 0.000 0.000
133.283 33.683 39.347 0.000 0.000
133.250 33.450 33.212 0.000 0.000
133.583 33.683 32.859 0.000 0.000
133.500 33.583 31.969 0.000 0.000
133.300 33.350 29.532 0.000 0.000
133.517 33.517 29.806 0.000 0.000
133.550 33.817 37.423 0.000 0.000
133.750 33.783 32.561 0.000 0.000
133.550 34.017 43.993 0.000 0.000
133.750 33.883 35.454 0.000 0.000
133.550 33.917 40.550 0.000 0.000
133.550 33.450 27.501 0.000 0.000
133.467 33.717 36.270 0.000 0.000
133.400 33.350 27.723 0.000 0.000
133.567 34.083 46.139 0.000 0.000
133.633 32.850 16.585 0.000 0.000
133.267 32.950 21.760 0.000 0.000
133.400 32.550 15.514 0.000 0.000
133.683 31.850 7.900 0.000 0.000
133.700 31.950 8.421 0.000 0.000
133.900 32.050 8.055 0.000 0.000
133.800 32.050 8.547 0.000 0.000
133.767 31.750 7.080 0.000 0.000
133.700 32.250 10.545 0.000 0.000
133.800 32.150 9.200 0.000 0.000
133.900 32.250 9.329 0.000 0.000
133.800 32.350 10.693 0.000 0.000
133.800 31.850 7.437 0.000 0.000
133.700 32.150 9.781 0.000 0.000
133.933 31.983 7.546 0.000 0.000
134.183 32.050 6.937 0.000 0.000
134.067 32.050 7.328 0.000 0.000
134.000 32.150 8.161 0.000 0.000
134.100 32.350 8.944 0.000 0.000
134.000 32.250 8.782 0.000 0.000
134.100 32.150 7.711 0.000 0.000
134.200 32.350 8.462 0.000 0.000
134.100 31.950 6.798 0.000 0.000
133.917 31.917 7.308 0.000 0.000
133.900 32.350 10.058 0.000 0.000
133.700 32.550 13.102 0.000 0.000
133.800 32.450 11.508 0.000 0.000
133.900 32.650 12.575 0.000 0.000
133.800 32.650 13.277 0.000 0.000
133.733 32.850 15.756 0.000 0.000
133.817 32.750 14.099 0.000 0.000
133.933 32.850 14.271 0.000 0.000
133.867 32.950 15.810 0.000 0.000
133.900 32.550 11.691 0.000 0.000
133.667 32.950 17.427 0.000 0.000
134.100 32.650 11.323 0.000 0.000
134.000 32.550 11.053 0.000 0.000
134.000 32.450 10.236 0.000 0.000
134.200 32.650 10.760 0.000 0.000
134.033 32.850 13.627 0.000 0.000
134.117 32.750 12.139 0.000 0.000
134.233 32.850 12.439 0.000 0.000
134.167 32.950 13.857 0.000 0.000
134.200 32.550 9.923 0.000 0.000
134.017 32.750 12.753 0.000 0.000
134.100 32.450 9.670 0.000 0.000
133.967 32.950 15.095 0.000 0.000
134.200 32.250 7.850 0.000 0.000
133.700 32.450 12.218 0.000 0.000
134.333 32.183 7.014 0.000 0.000
134.517 32.150 6.427 0.000 0.000
134.500 32.350 7.323 0.000 0.000
134.300 32.250 7.462 0.000 0.000
134.400 32.450 8.267 0.000 0.000
134.400 32.350 7.654 0.000 0.000
134.500 32.550 8.553 0.000 0.000
134.300 32.550 9.423 0.000 0.000
134.467 32.250 6.921 0.000 0.000
134.317 32.117 6.786 0.000 0.000
134.733 32.350 6.749 0.000 0.000
134.833 32.350 6.553 0.000 0.000
134.800 32.550 7.602 0.000 0.000
134.700 32.450 7.291 0.000 0.000
134.900 32.450 6.871 0.000 0.000
134.600 32.450 7.569 0.000 0.000
134.600 32.550 8.187 0.000 0.000
134.400 32.650 9.748 0.000 0.000
134.500 32.650 9.300 0.000 0.000
134.633 32.850 10.463 0.000 0.000
134.417 32.750 10.525 0.000 0.000
134.467 32.950 12.242 0.000 0.000
134.333 32.850 11.900 0.000 0.000
134.533 32.850 10.901 0.000 0.000
134.567 32.950 11.754 0.000 0.000
134.617 32.750 9.639 0.000 0.000
134.317 32.750 11.036 0.000 0.000
134.700 32.650 8.544 0.000 0.000
134.800 32.650 8.238 0.000 0.000
134.717 32.750 9.250 0.000 0.000
134.300 32.450 8.688 0.000 0.000
134.267 32.950 13.284 0.000 0.000
133.783 33.050 17.627 0.000 0.000
133.883 33.050 16.839 0.000 0.000
133.950 33.250 18.976 0.000 0.000
133.817 33.150 18.653 0.000 0.000
133.700 33.350 23.135 0.000 0.000
133.750 33.250 20.802 0.000 0.000
133.900 33.350 20.956 0.000 0.000
133.850 33.450 23.242 0.000 0.000
134.017 33.150 17.125 0.000 0.000
133.650 33.450 25.866 0.000 0.000
134.250 33.250 17.054 0.000 0.000
134.050 33.250 18.237 0.000 0.000
134.083 33.050 15.463 0.000 0.000
134.350 33.250 16.538 0.000 0.000
134.150 33.450 20.757 0.000 0.000
134.000 33.350 20.095 0.000 0.000
134.200 33.350 18.814 0.000 0.000
134.317 33.150 15.354 0.000 0.000
134.117 33.150 16.464 0.000 0.000
134.183 33.050 14.869 0.000 0.000
133.950 33.450 22.211 0.000 0.000
133.800 33.583 26.792 0.000 0.000
133.817 33.517 25.034 0.000 0.000
133.883 33.683 27.863 0.000 0.000
133.600 33.617 30.874 0.000 0.000
133.850 33.817 31.827 0.000 0.000
133.900 33.617 26.233 0.000 0.000
134.100 33.583 23.598 0.000 0.000
134.117 33.517 22.163 0.000 0.000
133.717 33.150 19.618 0.000 0.000
134.417 33.150 14.836 0.000 0.000
134.383 33.050 13.779 0.000 0.000
134.483 33.050 13.276 0.000 0.000
133.717 32.750 14.870 0.000 0.000
133.767 33.717 30.407 0.000 0.000
133.750 33.983 38.676 0.000 0.000
135.100 32.417 6.446 0.000 0.000
135.000 32.450 6.715 0.000 0.000
134.917 32.750 8.632 0.000 0.000
135.000 32.650 7.758 0.000 0.000
134.767 32.950 10.895 0.000 0.000
134.833 32.850 9.691 0.000 0.000
135.067 32.950 9.882 0.000 0.000
134.933 32.850 9.381 0.000 0.000
135.017 32.750 8.377 0.000 0.000
135.083 33.050 10.824 0.000 0.000
135.100 32.650 7.572 0.000 0.000
134.900 32.550 7.378 0.000 0.000
134.867 32.950 10.513 0.000 0.000
135.133 32.850 8.854 0.000 0.000
134.300 33.350 18.294 0.000 0.000
134.050 33.783 28.558 0.000 0.000
134.050 33.883 31.246 0.000 0.000
133.850 33.917 34.734 0.000 0.000
133.850 34.017 38.007 0.000 0.000
134.400 33.583 22.042 0.000 0.000
134.200 33.617 23.700 0.000 0.000
134.150 33.817 28.697 0.000 0.000
134.350 33.783 26.833 0.000 0.000
134.417 33.517 20.652 0.000 0.000
134.350 33.883 29.482 0.000 0.000
134.183 33.683 25.220 0.000 0.000
134.150 33.917 31.450 0.000 0.000
134.367 33.717 25.165 0.000 0.000
134.067 33.717 26.748 0.000 0.000
134.250 33.450 20.215 0.000 0.000
134.150 33.983 33.430 0.000 0.000
134.450 33.450 19.319 0.000 0.000
134.550 33.250 15.574 0.000 0.000
134.617 33.150 13.873 0.000 0.000
134.750 33.450 18.004 0.000 0.000
134.600 33.350 16.914 0.000 0.000
134.650 33.250 15.114 0.000 0.000
134.800 33.350 15.995 0.000 0.000
134.717 33.150 13.416 0.000 0.000
134.550 33.450 18.902 0.000 0.000
134.917 33.150 12.574 0.000 0.000
134.683 33.050 12.331 0.000 0.000
134.983 33.050 11.144 0.000 0.000
135.017 33.150 12.191 0.000 0.000
135.017 33.517 18.074 0.000 0.000
134.900 33.350 15.548 0.000 0.000
134.950 33.250 13.790 0.000 0.000
135.050 33.450 16.674 0.000 0.000
135.100 33.350 14.731 0.000 0.000
134.850 33.250 14.210 0.000 0.000
134.783 33.050 11.909 0.000 0.000
134.850 33.450 17.545 0.000 0.000
134.483 33.683 24.008 0.000 0.000
134.500 33.617 22.405 0.000 0.000
134.783 33.683 22.844 0.000 0.000
134.667 33.717 24.148 0.000 0.000
134.650 33.883 28.620 0.000 0.000
134.650 33.783 25.886 0.000 0.000
134.750 33.817 26.405 0.000 0.000
134.450 33.917 30.170 0.000 0.000
134.700 33.583 20.883 0.000 0.000
134.450 33.817 27.414 0.000 0.000
135.083 33.683 21.579 0.000 0.000
135.000 33.583 19.569 0.000 0.000
134.950 33.783 24.728 0.000 0.000
134.967 33.717 22.905 0.000 0.000
134.750 33.917 29.260 0.000 0.000
134.950 33.883 27.598 0.000 0.000
135.050 33.917 28.308 0.000 0.000
135.250 33.883 26.837 0.000 0.000
135.050 33.817 25.281 0.000 0.000
135.050 33.983 30.551 0.000 0.000
135.250 33.783 23.748 0.000 0.000
134.800 33.617 21.183 0.000 0.000
134.717 33.517 19.408 0.000 0.000
134.750 33.983 31.339 0.000 0.000
135.150 33.250 13.046 0.000 0.000
134.500 33.350 17.361 0.000 0.000
134.450 33.983 32.156 0.000 0.000
135.100 32.550 7.036 0.000 0.000
135.200 32.550 6.901 0.000 0.000
135.383 32.617 7.000 0.000 0.000
135.300 32.650 7.265 0.000 0.000
135.233 32.850 8.644 0.000 0.000
135.317 32.750 7.808 0.000 0.000
135.433 32.850 8.273 0.000 0.000
135.367 32.950 9.170 0.000 0.000
135.167 32.950 9.610 0.000 0.000
135.617 32.617 6.658 0.000 0.000
135.700 32.683 6.859 0.000 0.000
135.450 32.650 7.072 0.000 0.000
135.733 32.850 7.744 0.000 0.000
135.617 32.750 7.345 0.000 0.000
135.850 32.750 6.964 0.000 0.000
135.533 32.850 8.100 0.000 0.000
135.967 32.750 6.762 0.000 0.000
135.517 32.750 7.499 0.000 0.000
135.833 32.850 7.550 0.000 0.000
135.383 33.050 10.044 0.000 0.000
135.467 32.950 8.971 0.000 0.000
135.583 33.050 9.618 0.000 0.000
135.283 33.050 10.273 0.000 0.000
135.450 33.250 12.185 0.000 0.000
135.250 33.250 12.726 0.000 0.000
135.317 33.150 11.271 0.000 0.000
135.400 33.350 13.776 0.000 0.000
135.517 33.150 10.797 0.000 0.000
135.200 33.350 14.371 0.000 0.000
135.683 33.050 9.402 0.000 0.000
135.667 32.950 8.583 0.000 0.000
135.817 33.150 10.063 0.000 0.000
135.850 33.250 11.120 0.000 0.000
135.700 33.350 12.966 0.000 0.000
135.550 33.250 11.941 0.000 0.000
135.750 33.250 11.412 0.000 0.000
135.800 33.350 12.664 0.000 0.000
135.883 33.050 8.922 0.000 0.000
135.617 33.150 10.570 0.000 0.000
135.767 32.950 8.380 0.000 0.000
135.500 33.350 13.515 0.000 0.000
135.967 32.950 7.920 0.000 0.000
135.217 32.750 7.980 0.000 0.000
136.150 32.850 6.902 0.000 0.000
136.250 32.817 6.525 0.000 0.000
136.067 32.950 7.681 0.000 0.000
136.117 33.150 9.163 0.000 0.000
135.983 33.050 8.655 0.000 0.000
136.183 33.050 8.101 0.000 0.000
136.267 32.950 7.208 0.000 0.000
135.917 33.150 9.786 0.000 0.000
136.050 33.250 10.447 0.000 0.000
136.000 33.350 11.936 0.000 0.000
136.050 32.850 7.109 0.000 0.000
135.317 33.517 16.974 0.000 0.000
135.150 33.450 16.278 0.000 0.000
135.450 33.450 15.364 0.000 0.000
135.350 33.450 15.639 0.000 0.000
135.400 33.617 18.962 0.000 0.000
135.300 33.583 18.450 0.000 0.000
135.600 33.583 17.632 0.000 0.000
135.383 33.683 20.706 0.000 0.000
135.617 33.517 16.129 0.000 0.000
135.100 33.617 19.904 0.000 0.000
135.917 33.517 15.058 0.000 0.000
135.650 33.450 14.811 0.000 0.000
135.950 33.450 13.730 0.000 0.000
135.900 33.583 16.582 0.000 0.000
135.700 33.617 18.140 0.000 0.000
135.750 33.450 14.506 0.000 0.000
135.683 33.683 19.962 0.000 0.000
135.550 33.783 23.207 0.000 0.000
135.567 33.717 21.198 0.000 0.000
135.650 33.817 24.121 0.000 0.000
135.350 33.817 24.594 0.000 0.000
135.650 33.917 27.739 0.000 0.000
135.550 33.883 26.585 0.000 0.000
135.650 33.983 30.480 0.000 0.000
135.350 33.917 27.914 0.000 0.000
135.267 33.717 21.868 0.000 0.000
135.217 33.150 11.550 0.000 0.000
135.350 33.983 30.427 0.000 0.000
134.067 34.083 37.474 0.000 0.000
134.050 34.017 35.315 0.000 0.000
134.350 34.017 33.449 0.000 0.000
134.367 34.083 35.610 0.000 0.000
133.900 34.150 42.274 0.000 0.000
133.800 34.150 44.042 0.000 0.000
134.100 34.150 39.757 0.000 0.000
134.200 34.150 38.986 0.000 0.000
134.400 34.150 38.004 0.000 0.000
133.767 34.083 41.934 0.000 0.000
134.967 34.083 34.157 0.000 0.000
134.950 34.017 31.920 0.000 0.000
135.250 34.017 31.593 0.000 0.000
135.000 34.150 36.607 0.000 0.000
134.700 34.150 37.225 0.000 0.000
135.567 34.083 34.648 0.000 0.000
134.800 34.150 36.997 0.000 0.000
135.550 34.017 31.840 0.000 0.000
134.667 34.083 34.843 0.000 0.000
134.650 34.017 32.686 0.000 0.000
134.500 34.150 37.753 0.000 0.000
134.267 34.250 42.651 0.000 0.000
134.467 34.250 41.796 0.000 0.000
134.567 34.250 41.531 0.000 0.000
134.767 34.250 41.026 0.000 0.000
136.283 33.050 7.834 0.000 0.000
136.217 33.150 8.848 0.000 0.000
136.500 32.917 6.541 0.000 0.000
136.483 32.983 6.935 0.000 0.000
136.367 32.950 6.986 0.000 0.000
136.417 33.150 8.258 0.000 0.000
136.533 33.050 7.252 0.000 0.000
136.767 33.017 6.570 0.000 0.000
136.633 33.050 7.040 0.000 0.000
136.383 32.883 6.592 0.000 0.000
136.150 33.250 10.091 0.000 0.000
136.517 33.150 7.987 0.000 0.000
136.450 33.250 9.072 0.000 0.000
136.300 33.350 10.736 0.000 0.000
136.350 33.250 9.395 0.000 0.000
136.600 33.350 9.649 0.000 0.000
136.400 33.350 10.355 0.000 0.000
136.650 33.250 8.478 0.000 0.000
136.983 33.250 7.586 0.000 0.000
136.717 33.150 7.505 0.000 0.000
137.050 33.150 6.763 0.000 0.000
137.083 33.250 7.317 0.000 0.000
137.000 33.350 8.339 0.000 0.000
136.900 33.350 8.665 0.000 0.000
137.183 33.317 7.462 0.000 0.000
137.400 33.350 6.911 0.000 0.000
137.250 33.283 7.025 0.000 0.000
137.233 33.417 8.065 0.000 0.000
137.150 33.183 6.704 0.000 0.000
136.750 33.250 8.207 0.000 0.000
136.950 33.150 7.032 0.000 0.000
136.700 33.350 9.325 0.000 0.000
136.100 33.350 11.540 0.000 0.000
136.050 33.450 13.294 0.000 0.000
136.000 33.617 16.841 0.000 0.000
136.217 33.517 13.617 0.000 0.000
136.300 33.583 14.406 0.000 0.000
136.250 33.450 12.367 0.000 0.000
135.850 33.883 25.780 0.000 0.000
135.850 33.783 22.291 0.000 0.000
136.167 33.717 18.275 0.000 0.000
135.867 33.717 20.140 0.000 0.000
136.200 33.617 15.670 0.000 0.000
136.283 33.683 16.642 0.000 0.000
135.950 33.917 26.396 0.000 0.000
136.150 33.883 23.549 0.000 0.000
136.250 33.817 20.480 0.000 0.000
136.450 33.783 17.985 0.000 0.000
136.150 33.783 20.344 0.000 0.000
136.250 33.917 23.658 0.000 0.000
136.467 33.717 16.216 0.000 0.000
135.950 33.817 22.796 0.000 0.000
135.983 33.683 18.577 0.000 0.000
135.950 33.983 29.034 0.000 0.000
136.500 33.583 13.421 0.000 0.000
136.550 33.450 11.083 0.000 0.000
136.650 33.450 10.700 0.000 0.000
136.817 33.517 10.888 0.000 0.000
136.600 33.617 13.519 0.000 0.000
136.900 33.617 11.978 0.000 0.000
136.800 33.583 11.972 0.000 0.000
137.100 33.583 10.436 0.000 0.000
136.883 33.683 13.090 0.000 0.000
136.850 33.450 9.919 0.000 0.000
136.583 33.683 14.811 0.000 0.000
137.150 33.450 8.672 0.000 0.000
137.317 33.450 8.004 0.000 0.000
137.417 33.417 7.288 0.000 0.000
137.517 33.483 7.307 0.000 0.000
137.400 33.583 8.732 0.000 0.000
137.417 33.517 8.024 0.000 0.000
137.500 33.617 8.438 0.000 0.000
137.200 33.617 10.246 0.000 0.000
137.117 33.517 9.510 0.000 0.000
136.950 33.450 9.530 0.000 0.000
137.183 33.683 11.115 0.000 0.000
136.850 33.783 15.093 0.000 0.000
136.767 33.717 14.377 0.000 0.000
137.067 33.717 12.417 0.000 0.000
137.150 33.783 12.751 0.000 0.000
136.550 33.883 19.641 0.000 0.000
136.750 33.817 16.475 0.000 0.000
137.050 33.817 14.140 0.000 0.000
136.850 33.883 17.119 0.000 0.000
137.350 33.783 11.185 0.000 0.000
136.550 33.817 18.065 0.000 0.000
137.367 33.717 10.198 0.000 0.000
137.150 33.883 14.319 0.000 0.000
136.517 33.517 12.183 0.000 0.000
136.350 33.450 11.918 0.000 0.000
136.250 34.017 27.269 0.000 0.000
135.850 34.017 31.159 0.000 0.000
136.450 33.917 21.501 0.000 0.000
136.550 33.983 22.423 0.000 0.000
136.167 34.083 31.092 0.000 0.000
135.900 34.150 37.169 0.000 0.000
136.450 34.017 24.624 0.000 0.000
136.467 34.083 26.803 0.000 0.000
136.750 33.983 20.462 0.000 0.000
135.867 34.083 34.114 0.000 0.000
137.150 33.983 15.998 0.000 0.000
137.050 33.917 15.916 0.000 0.000
136.767 34.083 22.821 0.000 0.000
137.050 34.017 17.805 0.000 0.000
137.067 34.083 19.005 0.000 0.000
136.850 34.017 20.234 0.000 0.000
136.750 33.917 18.718 0.000 0.000
136.200 34.150 33.679 0.000 0.000
136.300 34.150 32.034 0.000 0.000
136.600 34.150 27.241 0.000 0.000
136.500 34.150 28.794 0.000 0.000
135.967 34.250 41.361 0.000 0.000
136.267 34.250 36.850 0.000 0.000
136.067 34.250 40.166 0.000 0.000
136.567 34.250 31.064 0.000 0.000
136.000 34.150 36.229 0.000 0.000
136.667 34.250 29.223 0.000 0.000
136.867 34.250 25.749 0.000 0.000
136.800 34.150 24.261 0.000 0.000
136.900 34.150 22.873 0.000 0.000
136.367 34.250 34.899 0.000 0.000
136.150 33.983 27.225 0.000 0.000
136.350 34.350 39.352 0.000 0.000
136.450 34.350 37.070 0.000 0.000
136.750 34.350 30.573 0.000 0.000
136.650 34.350 32.659 0.000 0.000
136.217 34.417 44.945 0.000 0.000
136.450 34.450 40.946 0.000 0.000
136.550 34.450 38.376 0.000 0.000
136.750 34.450 33.484 0.000 0.000
136.050 34.350 45.100 0.000 0.000
136.150 34.350 43.428 0.000 0.000
136.517 34.617 45.059 0.000 0.000
136.400 34.550 45.980 0.000 0.000
136.600 34.550 40.381 0.000 0.000
137.700 33.550 6.869 0.000 0.000
137.667 33.750 8.334 0.000 0.000
137.700 33.617 7.291 0.000 0.000
137.800 33.683 7.170 0.000 0.000
137.450 33.883 11.316 0.000 0.000
137.650 33.817 9.007 0.000 0.000
137.950 33.850 7.204 0.000 0.000
137.983 33.750 6.532 0.000 0.000
137.783 33.750 7.615 0.000 0.000
137.750 33.883 8.771 0.000 0.000
137.450 33.817 10.694 0.000 0.000
137.483 33.683 9.036 0.000 0.000
138.050 33.850 6.632 0.000 0.000
137.350 33.917 12.761 0.000 0.000
137.450 33.983 12.467 0.000 0.000
137.350 34.017 14.107 0.000 0.000
137.667 34.083 11.149 0.000 0.000
137.367 34.083 14.892 0.000 0.000
137.100 34.150 19.927 0.000 0.000
137.200 34.150 18.410 0.000 0.000
137.500 34.150 13.919 0.000 0.000
137.400 34.150 15.368 0.000 0.000
137.267 34.250 18.918 0.000 0.000
137.467 34.250 15.551 0.000 0.000
137.167 34.250 20.654 0.000 0.000
136.967 34.250 24.092 0.000 0.000
137.700 34.150 11.361 0.000 0.000
137.650 33.983 10.486 0.000 0.000
137.567 34.250 13.980 0.000 0.000
136.700 34.550 37.575 0.000 0.000
136.583 34.750 47.371 0.000 0.000
136.600 34.683 44.750 0.000 0.000
136.800 34.683 38.901 0.000 0.000
136.750 34.850 45.117 0.000 0.000
136.817 34.617 36.404 0.000 0.000
136.900 34.717 36.880 0.000 0.000
137.000 34.550 29.934 0.000 0.000
137.100 34.683 30.541 0.000 0.000
136.883 34.783 39.019 0.000 0.000
136.950 35.150 47.577 0.000 0.000
136.783 34.950 47.064 0.000 0.000
136.917 35.050 45.579 0.000 0.000
136.983 34.950 40.428 0.000 0.000
136.850 34.850 41.816 0.000 0.000
137.050 34.850 35.783 0.000 0.000
136.900 34.550 32.440 0.000 0.000
136.850 34.450 31.168 0.000 0.000
136.950 34.350 26.600 0.000 0.000
137.150 34.450 24.593 0.000 0.000
137.050 34.450 26.740 0.000 0.000
137.250 34.350 20.796 0.000 0.000
137.200 34.550 25.287 0.000 0.000
137.183 34.783 30.528 0.000 0.000
137.200 34.717 28.700 0.000 0.000
137.400 34.683 23.113 0.000 0.000
137.350 34.850 27.759 0.000 0.000
137.300 34.550 22.979 0.000 0.000
137.150 34.850 32.972 0.000 0.000
137.450 34.450 18.341 0.000 0.000
137.350 34.450 20.368 0.000 0.000
137.550 34.350 15.281 0.000 0.000
137.500 34.550 18.663 0.000 0.000
137.700 34.683 16.490 0.000 0.000
137.600 34.550 16.580 0.000 0.000
137.650 34.850 20.262 0.000 0.000
137.500 34.717 21.354 0.000 0.000
137.650 34.450 14.662 0.000 0.000
137.417 34.617 21.482 0.000 0.000
137.350 34.350 18.878 0.000 0.000
137.483 34.783 22.941 0.000 0.000
137.150 35.150 41.616 0.000 0.000
137.017 35.050 42.243 0.000 0.000
137.083 34.950 37.436 0.000 0.000
137.217 35.050 36.641 0.000 0.000
137.250 35.150 39.006 0.000 0.000
137.317 35.050 34.024 0.000 0.000
137.283 34.950 32.009 0.000 0.000
137.383 34.950 29.434 0.000 0.000
137.617 35.050 26.501 0.000 0.000
137.517 35.050 29.050 0.000 0.000
137.550 35.150 31.875 0.000 0.000
137.583 34.950 24.354 0.000 0.000
137.450 35.150 34.275 0.000 0.000
137.450 34.850 25.227 0.000 0.000
137.717 34.617 15.194 0.000 0.000
137.117 34.617 28.579 0.000 0.000
137.050 34.350 24.679 0.000 0.000
137.650 34.350 13.684 0.000 0.000
137.950 34.050 8.352 0.000 0.000
138.000 34.150 8.440 0.000 0.000
137.767 34.250 11.325 0.000 0.000
137.800 34.150 10.303 0.000 0.000
137.850 34.350 10.949 0.000 0.000
137.867 34.250 10.196 0.000 0.000
137.950 34.350 9.800 0.000 0.000
137.800 34.550 13.059 0.000 0.000
137.933 33.983 8.095 0.000 0.000
137.750 34.017 9.834 0.000 0.000
138.250 34.083 6.270 0.000 0.000
138.133 33.950 6.588 0.000 0.000
138.150 34.183 7.318 0.000 0.000
138.050 34.217 8.261 0.000 0.000
138.150 34.350 7.726 0.000 0.000
138.183 34.250 7.242 0.000 0.000
137.950 34.450 10.273 0.000 0.000
138.300 34.217 6.161 0.000 0.000
138.050 34.050 7.619 0.000 0.000
137.933 33.917 7.688 0.000 0.000
138.050 34.450 9.078 0.000 0.000
138.000 34.683 10.968 0.000 0.000
137.800 34.717 14.891 0.000 0.000
138.017 34.617 10.167 0.000 0.000
137.783 34.783 16.013 0.000 0.000
137.683 34.950 21.807 0.000 0.000
137.750 34.850 17.882 0.000 0.000
137.900 34.550 11.425 0.000 0.000
138.100 34.550 8.753 0.000 0.000
138.233 34.350 6.940 0.000 0.000
138.317 34.283 6.122 0.000 0.000
138.333 34.150 5.795 0.000 0.000
138.217 33.983 6.165 0.000 0.000
137.750 34.450 13.057 0.000 0.000
137.650 33.917 9.830 0.000 0.000
137.500 35.250 37.415 0.000 0.000
137.700 35.250 32.519 0.000 0.000
138.233 34.550 7.161 0.000 0.000
137.883 34.950 16.770 0.000 0.000
137.817 35.050 21.160 0.000 0.000
137.950 34.850 13.429 0.000 0.000
138.083 34.783 10.220 0.000 0.000
138.050 34.850 11.439 0.000 0.000
138.250 34.650 7.218 0.000 0.000
138.250 34.850 8.130 0.000 0.000
138.050 35.150 18.183 0.000 0.000
137.917 35.050 18.503 0.000 0.000
137.983 34.950 14.446 0.000 0.000
138.117 35.050 13.620 0.000 0.000
138.183 34.950 10.306 0.000 0.000
138.100 34.717 9.611 0.000 0.000
137.850 35.150 23.782 0.000 0.000
137.750 35.150 26.577 0.000 0.000
138.383 34.350 5.587 0.000 0.000
138.350 34.850 6.788 0.000 0.000
138.367 34.450 5.744 0.000 0.000
138.433 34.550 5.159 0.000 0.000
138.283 34.950 8.671 0.000 0.000
138.383 34.783 6.078 0.000 0.000
138.483 34.950 6.152 0.000 0.000
138.517 34.883 5.442 0.000 0.000
138.450 34.650 5.046 0.000 0.000
138.417 35.050 8.304 0.000 0.000
138.517 35.050 7.127 0.000 0.000
138.450 35.150 9.960 0.000 0.000
138.350 35.150 11.490 0.000 0.000
138.650 35.150 8.034 0.000 0.000
138.217 35.050 11.469 0.000 0.000
138.267 34.450 6.699 0.000 0.000
138.150 35.150 15.623 0.000 0.000
137.900 35.350 32.458 0.000 0.000
137.700 35.350 38.016 0.000 0.000
138.100 35.250 20.808 0.000 0.000
138.000 35.250 23.751 0.000 0.000
137.817 35.417 38.796 0.000 0.000
138.000 35.350 29.234 0.000 0.000
138.200 35.350 22.879 0.000 0.000
137.800 35.250 29.769 0.000 0.000
138.500 35.350 16.056 0.000 0.000
138.300 35.350 20.379 0.000 0.000
138.600 35.250 11.114 0.000 0.000
138.317 35.450 25.777 0.000 0.000
138.517 35.450 20.801 0.000 0.000
138.300 35.250 15.749 0.000 0.000
138.400 35.250 13.766 0.000 0.000
138.150 35.483 33.540 0.000 0.000
137.983 35.550 43.908 0.000 0.000
138.183 35.550 36.844 0.000 0.000
138.350 35.517 29.664 0.000 0.000
134.600 32.250 6.625 0.000 0.000
135.233 32.483 6.558 0.000 0.000
135.350 32.517 6.567 0.000 0.000
138.350 34.683 6.212 0.000 0.000
138.050 35.483 36.953 0.000 0.000
136.850 33.117 7.035 0.000 0.000
